------------------------------
Matrix # 1 (2 x 2) :
       2.3       5.5
      6.31       3.8
------------------------------

----------------------------------------------------------------------
Matrix # 2 (5 x 6) :
      12.3      -3.5         1      -0.8       0.3     15.05
     12.31      -3.8      4.13      0.51       1.1      -9.8
      -2.3      -1.5      0.01       0.8       1.3      7.05
     -2.11    -13.18       9.3     -11.5      3.31      8.18
       2.3       5.5      6.31       3.8      12.3      -3.5
----------------------------------------------------------------------

----------------------------------------
Matrix # 3 (5 x 3) :
         1      -0.8       0.3
     15.05     12.31      -3.8
      4.13      0.51       1.1
      -9.8      -2.3      -1.5
      0.01       0.8       1.3
----------------------------------------

--------------------
Matrix # 4 (4 x 1) :
      7.05
     -2.11
    -13.18
       9.3
--------------------

--------------------------------------------------------------------------------
Matrix # 5 (3 x 7) :
     -11.5      3.31      8.18       2.3       5.5      6.31       3.8
      12.3      -3.5         1      -0.8       0.3     15.05     12.31
      -3.8      4.13      0.51       1.1      -9.8      -2.3      -1.5
--------------------------------------------------------------------------------

----------------------------------------------------------------------
Matrix # 6 (1 x 6) :
      0.01       0.8       1.3      7.05     -2.11    -13.18
----------------------------------------------------------------------

Matrix- product
----------------------------------------------------------------------
Matrix # 7 (5 x 6) :
       9.3     -11.5      3.31      8.18       2.3       5.5
      6.31       3.8      12.3      -3.5         1      -0.8
       0.3     15.05     12.31      -3.8      4.13      0.51
       1.1      -9.8      -2.3      -1.5      0.01       0.8
       1.3      7.05     -2.11    -13.18       9.3     -11.5
----------------------------------------------------------------------

--------------------------------------------------
Matrix # 8 (6 x 4) :
      3.31      8.18       2.3       5.5
      6.31       3.8      12.3      -3.5
         1      -0.8       0.3     15.05
     12.31      -3.8      4.13      0.51
       1.1      -9.8      -2.3      -1.5
      0.01       0.8       1.3      7.05
--------------------------------------------------

--------------------------------------------------
Matrix # 9 (5 x 4) :
   64.8088   -19.498  -83.4236   180.712
   15.1711   59.0758    47.148   197.595
   66.0386     24.17   164.968   129.703
   -78.943    -20.16  -123.878    10.595
  -105.452   -11.144   -1.7014  -151.027
--------------------------------------------------

Set after addition
--------------------------------------------------
Matrix # 9 (5 x 4) :
   68.1188   -11.318  -81.1236   186.212
   21.4811   62.8758    59.448   194.095
   67.0386     23.37   165.268   144.753
   -66.633    -23.96  -119.748    11.105
  -104.352   -20.944   -4.0014  -152.527
--------------------------------------------------

Calculate matrix in degree3
--------------------------------------------------
Matrix # 15 (4 x 4) :
         1         1         1         1
         1         1         1         1
         1         1         1         1
         1         1         1         1
--------------------------------------------------

--------------------------------------------------
Matrix # 16 (4 x 4) :
        16        16        16        16
        16        16        16        16
        16        16        16        16
        16        16        16        16
--------------------------------------------------

Devide by number3
--------------------------------------------------
Matrix # 15 (4 x 4) :
         1         1         1         1
         1         1         1         1
         1         1         1         1
         1         1         1         1
--------------------------------------------------

--------------------------------------------------
Matrix # 16 (4 x 4) :
  0.333333  0.333333  0.333333  0.333333
  0.333333  0.333333  0.333333  0.333333
  0.333333  0.333333  0.333333  0.333333
  0.333333  0.333333  0.333333  0.333333
--------------------------------------------------

Min columns formation 
------------------------------
Matrix # 1 (2 x 2) :
       2.3       5.5
      6.31       3.8
------------------------------
--->2.3 3.8 
----------------------------------------------------------------------
Matrix # 2 (5 x 6) :
      12.3      -3.5         1      -0.8       0.3     15.05
     12.31      -3.8      4.13      0.51       1.1      -9.8
      -2.3      -1.5      0.01       0.8       1.3      7.05
     -2.11    -13.18       9.3     -11.5      3.31      8.18
       2.3       5.5      6.31       3.8      12.3      -3.5
----------------------------------------------------------------------
--->-2.3 -13.18 0.01 -11.5 0.3 -9.8 
----------------------------------------
Matrix # 3 (5 x 3) :
         1      -0.8       0.3
     15.05     12.31      -3.8
      4.13      0.51       1.1
      -9.8      -2.3      -1.5
      0.01       0.8       1.3
----------------------------------------
--->-9.8 -2.3 -3.8 
--------------------
Matrix # 4 (4 x 1) :
      7.05
     -2.11
    -13.18
       9.3
--------------------
--->-13.18 
--------------------------------------------------------------------------------
Matrix # 5 (3 x 7) :
     -11.5      3.31      8.18       2.3       5.5      6.31       3.8
      12.3      -3.5         1      -0.8       0.3     15.05     12.31
      -3.8      4.13      0.51       1.1      -9.8      -2.3      -1.5
--------------------------------------------------------------------------------
--->-11.5 -3.5 0.51 -0.8 -9.8 -2.3 -1.5 
----------------------------------------------------------------------
Matrix # 6 (1 x 6) :
      0.01       0.8       1.3      7.05     -2.11    -13.18
----------------------------------------------------------------------
--->0.01 0.8 1.3 7.05 -2.11 -13.18 
